1.006838783282639760e+00 1.268347035117764143e+00 1.072588386419522477e+00 1.064048306569266744e+00 8.688196475213746384e-01 1.119064256877897456e+00 9.042565985829807973e-01 9.107019683635870777e-01 9.881778430169596561e-01 9.996027384402724758e-01 1.000884741448323734e+00
9.980808276318711147e-01 9.046438285336246832e-01 9.918903068935505107e-01 9.668787489176494665e-01 1.053102860454641077e+00 7.977015590798661737e-01 1.049184906447492960e+00 1.101995715287594768e+00 1.150716928492292901e+00 8.771091375825557090e-01 9.984715510150971030e-01
9.958551089757988750e-01 1.022638280339971839e+00 9.484337949225464248e-01 9.364843418229279459e-01 1.337205823406876437e+00 1.072930600054365691e+00 1.067792372694021719e+00 8.987210557784891529e-01 1.200614739756801663e+00 9.964901704071191801e-01 1.004761968679291018e+00
1.018256272923796280e+00 8.373566386945784368e-01 9.930780259530374021e-01 1.020704724364068339e+00 1.225773130569224101e+00 9.039381128249713848e-01 1.056783505804959722e+00 8.493850531228347434e-01 8.960856413063457149e-01 1.047710767398397191e+00 9.961060750048144063e-01
1.004868725743302882e+00 1.332802097337972613e+00 9.458478445281996994e-01 9.509822087030718185e-01 8.627731157421271169e-01 1.048648284427608379e+00 1.024440196283781024e+00 9.582366720108635993e-01 1.342479405123607972e+00 1.143664813496192423e+00 1.009354132539016957e+00
9.846467912038054937e-01 9.723135922954022625e-01 9.673030057047805608e-01 9.437902014035775000e-01 8.568778706096606967e-01 1.042321820945439015e+00 1.070423556935057530e+00 9.157267071930506042e-01 1.206999712147408754e+00 9.816539845682438203e-01 9.913650118046835047e-01
9.905725433891725551e-01 1.046279742124546219e+00 1.038485846133824886e+00 8.210014437573620594e-01 8.497747718317537613e-01 1.110354374923913978e+00 1.031488872889460229e+00 9.750259141145823927e-01 1.152354775271474896e+00 9.707534783238351839e-01 9.922621817174307468e-01
9.893959531366439686e-01 9.755994978543531815e-01 1.030224543543301730e+00 9.753887956264349901e-01 8.281539138051277060e-01 7.427612786694426372e-01 9.712927153966866012e-01 9.301453471064325962e-01 8.302286224848771656e-01 1.381116948785607645e+00 9.980343495131743792e-01
9.991026107761286079e-01 1.117211847098621202e+00 1.058693588945589514e+00 9.912522684798122929e-01 1.228069710094687572e+00 9.811423428063213992e-01 1.108162055927937040e+00 1.024166524755282692e+00 1.178658678634303847e+00 9.134785512299111732e-01 9.927834825850447853e-01
1.022365901133134081e+00 9.397598465372751786e-01 9.902827945184610181e-01 1.056842316081811894e+00 1.145634683861572745e+00 9.491297292251935636e-01 1.051677339199136529e+00 1.015075875074459066e+00 9.210538061210591376e-01 9.294360570591133630e-01 1.004141068719947683e+00
1.015779278494702620e+00 1.031207004064607524e+00 9.148665643311768569e-01 9.930957978627368288e-01 1.138113872235392510e+00 7.626769619065455474e-01 1.141712860788968609e+00 9.791425698077518280e-01 1.124197474335520752e+00 8.072038106092397358e-01 1.012877273093540031e+00
1.010330297730695159e+00 7.937622309933108911e-01 1.031588546996469180e+00 8.695557915226989065e-01 9.193454679332061508e-01 9.421875234133754162e-01 1.019468374654747933e+00 1.041853757195450481e+00 7.508641786172229882e-01 9.166620425874449918e-01 9.947666886570184497e-01
9.998343498010440200e-01 9.813269724125370796e-01 9.405092944344917161e-01 8.483122846197946876e-01 1.173698198803948101e+00 1.152515662118734019e+00 1.080407949073159957e+00 9.664571159283431578e-01 8.446687328559722152e-01 1.173146229691806264e+00 9.876188924018010074e-01
9.841627810270132670e-01 9.156103046805843526e-01 9.970769013728879582e-01 9.046382428534671671e-01 9.155018624249564585e-01 1.013394158462463279e+00 1.004824804495997981e+00 9.399342625254849537e-01 1.109784767384754511e+00 8.338173401557937847e-01 1.012052028799077741e+00
9.944925453394216630e-01 9.372963441598012313e-01 1.069889378551964532e+00 1.039731937760777436e+00 1.430881536352648808e+00 1.084471972862182554e+00 1.049339702823166576e+00 9.251816066430291752e-01 9.179484571317629849e-01 9.303319087848977986e-01 1.008201788558268808e+00
1.003005724414473443e+00 8.862688876633506574e-01 1.016726904400360176e+00 1.015277228862386805e+00 6.922386909534055111e-01 9.222136334016149961e-01 9.008311456082704893e-01 8.877072041265545721e-01 1.020488697808762835e+00 9.517882253424375660e-01 9.930807739985042515e-01
1.004342851207215004e+00 1.014398133035560479e+00 1.062303267172381327e+00 9.866196950998118442e-01 1.092531077159215158e+00 1.123011419969659697e+00 9.705808355772258533e-01 8.477884729358551308e-01 9.971831349818428558e-01 9.374790140321742626e-01 9.829488090539987288e-01
1.001962956743471578e+00 9.463652087399355706e-01 1.027096286951526105e+00 1.016497729138862605e+00 8.007712456857587480e-01 1.038704227626994214e+00 9.530780412400499113e-01 1.145907552498302229e+00 9.916077958566762440e-01 1.183427767727215363e+00 1.010075927573164334e+00
1.008283918934208323e+00 1.075299328583867453e+00 9.759826601995499340e-01 9.988050278106669344e-01 1.160428603308452100e+00 9.897699392529479834e-01 9.570690671514220371e-01 1.034003454499442753e+00 8.019309833343422067e-01 1.030083325111957437e+00 1.008506581682035996e+00
1.011702846093303965e+00 5.886249203495697024e-01 8.786661697033659735e-01 9.564075804480510756e-01 1.034648196001595633e+00 9.786925130844007503e-01 8.843289165660815909e-01 7.924853968370947355e-01 9.473032403542005486e-01 9.864672025399674471e-01 9.807255398714824768e-01
9.969327433677437345e-01 8.715965974322786858e-01 9.393538778219372443e-01 9.169123832470559288e-01 9.759759197148732968e-01 1.004330166141099934e+00 8.951782010128686018e-01 8.147580828317368962e-01 8.202480577149043883e-01 1.256790643030660792e+00 9.936119209419769227e-01
9.966757106238518515e-01 1.160475364022089506e+00 9.469266917707440667e-01 9.343046797825306227e-01 1.273132239929188447e+00 8.157174581823531945e-01 9.387047490628238622e-01 1.182851593532893375e+00 7.567740225698069700e-01 1.010784634419692907e+00 1.005796218832351041e+00
9.989191597064196459e-01 1.035531516205609570e+00 9.552881339683011452e-01 8.787392209999111969e-01 1.120148794494699729e+00 1.033981948967092501e+00 9.596804149976649878e-01 9.505199001486895893e-01 1.157003334463920341e+00 1.070899596067672377e+00 9.892984159502739017e-01
9.928971380946259861e-01 7.520450512873197990e-01 1.110773900714931095e+00 9.409337013200488320e-01 1.108213646610993308e+00 1.289382948335580981e+00 9.439204836957332256e-01 9.887314183112254629e-01 6.907201059362169104e-01 9.900971138876962785e-01 1.012544199743205198e+00
1.002804932558504225e+00 8.530154393796801626e-01 1.087920956524043081e+00 8.612631393429258653e-01 1.081806733270180843e+00 9.799877462250491389e-01 9.471118566478298195e-01 1.083056203097596537e+00 1.008476765279914478e+00 1.186718506420096464e+00 9.901337578636878467e-01
9.853614947779986144e-01 8.951674595367397069e-01 9.840501728645848489e-01 9.803680688932779885e-01 8.026673888781341581e-01 1.131966470741834208e+00 9.481279616384338249e-01 9.209658486413404566e-01 8.430503084676238545e-01 1.156811783225659251e+00 1.013783392883624623e+00
1.000016274947289174e+00 9.210598263906266681e-01 1.014266397277154841e+00 1.130373798689987774e+00 1.149879217655767283e+00 8.983058580183131969e-01 1.124384050279882530e+00 1.121696029992694799e+00 1.467385954154216687e+00 8.694203854570318191e-01 1.008892240780331795e+00
9.979921786897431035e-01 1.107819641458499094e+00 1.009895062486679596e+00 8.802196370220078947e-01 1.395173155820358168e+00 1.090204025611043903e+00 9.674020258047515419e-01 1.091905597598254563e+00 9.602718301843604642e-01 1.068041544505990093e+00 1.000573010222623349e+00
9.876359733931351359e-01 8.568834177009223563e-01 9.768197171337351659e-01 1.164381646974608886e+00 7.949762020238547722e-01 9.602546893190782029e-01 9.035499229247662134e-01 9.100624287286420699e-01 1.164035564018498947e+00 1.136735440335607139e+00 1.020522132830135265e+00
9.965349895373596389e-01 1.223858016143862804e+00 1.003659318877472950e+00 8.697599428924210896e-01 1.051531934936582813e+00 1.035774214524124881e+00 9.964301066291857412e-01 1.059810246535574541e+00 9.673179362117731994e-01 1.016121729876766189e+00 1.021262724232971708e+00
1.014931616589063168e+00 1.229612603354478084e+00 1.017650125150546536e+00 1.045827800233277705e+00 1.067087360263108797e+00 9.093717391582198939e-01 9.371792469700085393e-01 8.655218853063221252e-01 1.224166817496174842e+00 7.834462384133284996e-01 1.011233075743725784e+00
1.012568008459650226e+00 1.082505019882360253e+00 9.958818366912971509e-01 1.184958546270743263e+00 9.853778489245156313e-01 1.061735217497369987e+00 9.506066553407260811e-01 9.194525098497116078e-01 9.427768778758527368e-01 7.683194068797398746e-01 1.010765397758985662e+00
1.010559912441181263e+00 9.300268412343009050e-01 1.005873932520826575e+00 1.105547943095976482e+00 8.182636232756572703e-01 9.577816422884914971e-01 8.445020458055618739e-01 1.270623070139252242e+00 8.347517283602010618e-01 1.202155902258974507e+00 1.007146272343675042e+00
1.020925429348906288e+00 1.011797840382610003e+00 1.057113944990951682e+00 9.601275775801535461e-01 8.330397419674598902e-01 9.655189511593244012e-01 8.709576487659279609e-01 9.486385371341136130e-01 1.053763955758874493e+00 1.063705705837588056e+00 9.909118114816505285e-01
1.001862702680615058e+00 8.893242390457273272e-01 1.020696631071176030e+00 1.223424692321228635e+00 6.283232507043443604e-01 1.079844120170113886e+00 9.634476119879366030e-01 8.776368013952661196e-01 1.043326746331135091e+00 9.419371592541649907e-01 9.988562140945618228e-01
1.009856667425253152e+00 7.298202229426964394e-01 9.988862003476750573e-01 1.092601042551561097e+00 9.977562001852351425e-01 1.124479626512577379e+00 9.836123016744564573e-01 8.277732702461468861e-01 1.077190840674877803e+00 8.717268612572761644e-01 1.002004443088523988e+00
1.007539188631206395e+00 1.153194051602670411e+00 1.037228837335908205e+00 9.210450059115106169e-01 8.576950787198176496e-01 8.878601153056692175e-01 1.013292700998080553e+00 1.186019942695183182e+00 1.074112399134845131e+00 8.157399290791207402e-01 9.834682333479051186e-01
1.002416549273183799e+00 9.876889866808510332e-01 9.295767937813386173e-01 1.137686471042983483e+00 7.867091217344009957e-01 9.747664412200711670e-01 9.150721503221709296e-01 1.001987828010018733e+00 1.175643164836244869e+00 9.758171901960533967e-01 9.986512889783101254e-01
9.852773613671595987e-01 1.127615153284937888e+00 9.494047526804503256e-01 1.088615266399857839e+00 1.074391949581272376e+00 1.104026397913244306e+00 1.060978073630817864e+00 1.131560979543146939e+00 9.841663346790412437e-01 9.947126814481593859e-01 1.001869286859376817e+00
9.899384509801171239e-01 7.852228441337337772e-01 1.022194688470880797e+00 8.951130365014196011e-01 9.254218051984955951e-01 9.278521491187087245e-01 1.015056813095027932e+00 1.072088921131560957e+00 1.013176932339947989e+00 7.966340507005604810e-01 9.854615171111031913e-01
9.859698221479127334e-01 7.618492547779306401e-01 9.165599531246511056e-01 1.212203846177495992e+00 7.632278149729716521e-01 1.099357375559638195e+00 1.044295391819091590e+00 9.544574466601255525e-01 1.328047438199030150e+00 1.021944792600955054e+00 9.897942501151912875e-01
9.937811954951852877e-01 9.851815872932272455e-01 9.821048676520642839e-01 1.048878546873835971e+00 9.925460527388259013e-01 9.499091447240887165e-01 8.423461338995534842e-01 1.126262563320157284e+00 9.347924969957176478e-01 1.078949942010040353e+00 1.002917755924963794e+00
1.008821909691723473e+00 9.264619706275698530e-01 1.132381786932215473e+00 9.581920120901110671e-01 7.067862185812630038e-01 1.040236668746900683e+00 1.026848834447239067e+00 9.870218672528114912e-01 1.080790361542471656e+00 9.035386223535495365e-01 1.007791351729952822e+00
9.968475212021682408e-01 1.238502856419594123e+00 1.047105523231812940e+00 1.030494085850437003e+00 7.723138708782675277e-01 1.023210318967789023e+00 1.020032861957291814e+00 1.004410375226643115e+00 1.001639715882789439e+00 1.117768891968276224e+00 1.004975535128766806e+00
1.001083387275135461e+00 1.018782851833173853e+00 1.046816326285682219e+00 1.023090058325630602e+00 8.429687774037208925e-01 1.183352820076322365e+00 9.985723727609793210e-01 1.034762943359148535e+00 1.259557390065722648e+00 7.889523167646863566e-01 1.000171033475929061e+00
1.009608438616194093e+00 1.005008278567874447e+00 1.044997768195536025e+00 9.006816997561739591e-01 1.140646558689951462e+00 1.048148760332601404e+00 1.057262509985295473e+00 1.157339027901437056e+00 7.909835611195428218e-01 8.815065746936486812e-01 9.945122424655725712e-01
1.006450424919653752e+00 8.208363893453424209e-01 9.882906875578632011e-01 8.648917864114171739e-01 1.061578238727891366e+00 1.036433239132018347e+00 9.743623474590520361e-01 9.760523130562362981e-01 1.196395408759205914e+00 1.058216430955713383e+00 1.005169832658042717e+00
1.006327953365862005e+00 1.138854152668883568e+00 9.110533449695178421e-01 1.038534314466877717e+00 1.116267712266819423e+00 1.068715875635021240e+00 1.034179605818415837e+00 8.741029458668851948e-01 4.815359383783299752e-01 8.926142128384229046e-01 1.009764857532519100e+00
1.013900712091099887e+00 8.297318394656566509e-01 9.787145577127933649e-01 1.031675701944343437e+00 1.096289248972656560e+00 1.097461232418406540e+00 1.005941557386049512e+00 9.969025742940378354e-01 1.220644447243508735e+00 1.133197129406880554e+00 1.008336622637360014e+00
1.007143724485489056e+00 1.025146550602137330e+00 1.007947443359487716e+00 1.011550169357900320e+00 7.805461547406715717e-01 9.705460191470387521e-01 1.062522139590772907e+00 1.000964540523634261e+00 1.165094922200374583e+00 1.036502826388272958e+00 9.899136693588481695e-01
9.757510595529468311e-01 1.001654437799579744e+00 1.028086849284018056e+00 1.003265075042263366e+00 1.368373215889902017e+00 8.257402210883930671e-01 1.120169933471294232e+00 9.734716097116535849e-01 1.034341397991308975e+00 1.190165937491244996e+00 9.957552358708201545e-01
9.815651384945374147e-01 1.084711269383708876e+00 9.653470766366528677e-01 9.239928678326047029e-01 8.863252630398602561e-01 1.085082298345495522e+00 1.153776520392058913e+00 9.628921258256011306e-01 9.266869109190640774e-01 7.725110376119652678e-01 1.003617140402817798e+00
9.961150366045068427e-01 8.829210730046070932e-01 8.732216692598473440e-01 9.623085090032548194e-01 8.109993975489364626e-01 9.064906107177670425e-01 1.043110346465842442e+00 1.011810035426348842e+00 1.095653414691011518e+00 1.088591310467567075e+00 9.788496728116459211e-01
9.927887896367639797e-01 9.493983690474947501e-01 9.858255552428365487e-01 9.681537566400045813e-01 1.242790728259408617e+00 8.617458209778965372e-01 8.971421570893470809e-01 1.075699136766375519e+00 7.212552925316899621e-01 9.247280491138897274e-01 1.005666716025474416e+00
1.011187216829823932e+00 9.647040918883543759e-01 1.026107328257765738e+00 9.270915821893417341e-01 1.159075543790452079e+00 9.544833276764917995e-01 7.834213273674863753e-01 8.840012944435127196e-01 1.105403887212388803e+00 8.852206561587959710e-01 1.018008707302119342e+00
1.004062298656984265e+00 1.027675367755154667e+00 1.035536245996891314e+00 1.072112314066183902e+00 1.183316800457417495e+00 1.012496762082630397e+00 1.171458374114174861e+00 9.938672345797400220e-01 8.676907677665552932e-01 1.009308750496842100e+00 1.000124901561790125e+00
9.877627340019000668e-01 1.255179742114440167e+00 9.920236743996456719e-01 1.048000971573748386e+00 9.651783273537792862e-01 1.003196562797801228e+00 9.688112672792500435e-01 1.031257630299611705e+00 9.146505439820958872e-01 9.152557677886172804e-01 1.011762909258073995e+00
1.026705270723152541e+00 9.132912145216167676e-01 9.967345217270091595e-01 1.062764475770666239e+00 8.986372691267640045e-01 9.246444862587516189e-01 1.012440174145170513e+00 1.065435802551909283e+00 7.394467803680799811e-01 9.589673737809409904e-01 9.972809777728205427e-01
1.010846990469076001e+00 8.304896821979719235e-01 1.052317954388866772e+00 8.471745480372900872e-01 9.307087050387772287e-01 9.996311535215064437e-01 1.054931162287757962e+00 9.880183807086670988e-01 1.143155943351993553e+00 1.065468556772481312e+00 9.872404902542594174e-01
9.896085992133661913e-01 1.214573697033420885e+00 9.868178618977719863e-01 1.079303124728344443e+00 1.131393851448384336e+00 9.475233467503170193e-01 8.661635846055788512e-01 9.843308953390548233e-01 8.949413287300964637e-01 1.213376144046001581e+00 1.004527472345856154e+00
9.971207773327227519e-01 8.630627216681140412e-01 1.083721051144558079e+00 9.982565731416627175e-01 9.606828837142147304e-01 1.055012253168059688e+00 1.008713836162075328e+00 1.037022410801670125e+00 1.069624892282754036e+00 8.293905561807372040e-01 1.001628912054511877e+00
9.960109394690791484e-01 1.003872511528192790e+00 1.012740249081552468e+00 8.005912561466791422e-01 1.104592873455979785e+00 1.111058379695615272e+00 1.073942495138775266e+00 1.043952358203409148e+00 1.286587905015557087e+00 1.168223379588253286e+00 9.981241616592138044e-01
9.934859804637327096e-01 1.016642975277810113e+00 9.741869955177216989e-01 1.043615747137629057e+00 9.949841541090354013e-01 8.492582927393179659e-01 1.044659482940837991e+00 9.815703935682690284e-01 7.644316304042537702e-01 1.268595690277594112e+00 9.924520759590144126e-01
9.983421355893142835e-01 1.033802752180325246e+00 1.044186537861350406e+00 8.877324216911102184e-01 9.680912489781092756e-01 1.063492796514990069e+00 9.165637857843423886e-01 9.434304996880654715e-01 1.209831431156065840e+00 1.093239762960423356e+00 9.990253430885920327e-01
1.002539167481672377e+00 9.680608322997072968e-01 9.535353538721872413e-01 1.120926799556249076e+00 1.197467279443915178e+00 8.780843949819246985e-01 9.914050838208323668e-01 9.038316418837100130e-01 1.089353188394373451e+00 6.781388078491665805e-01 1.000418687693759301e+00
1.013688660723877533e+00 1.098996180230402686e+00 9.434802459402036323e-01 9.732055371670589317e-01 9.570295604129467337e-01 9.338155742246201374e-01 1.094968366102952118e+00 1.047383467315730954e+00 7.302900171603008417e-01 1.103986514624178961e+00 1.005444645828860839e+00
1.000693043525739512e+00 9.349512614958196410e-01 9.727664641407071100e-01 8.923074821057684902e-01 9.902749850445240476e-01 1.151114828432048931e+00 1.116019435755830846e+00 1.050690977246639513e+00 8.846967739249594898e-01 1.054552019282710029e+00 1.005992955231352459e+00
9.862075116838299182e-01 1.105827698890499589e+00 9.947437619703153322e-01 9.379448303868527237e-01 9.118795387020934839e-01 1.070700247868999311e+00 1.131444311561828453e+00 9.966536923773371415e-01 8.150414272556160133e-01 8.890825028806964569e-01 1.009605466457229817e+00
9.933385541955919162e-01 7.397598769134484664e-01 1.025251488082568718e+00 9.062082349124094272e-01 1.176996227471363232e+00 1.105913441640123951e+00 1.076042951552967253e+00 1.010250757411525147e+00 8.996927567635860656e-01 7.521243201527170186e-01 1.002410849671150794e+00
9.951753550432554940e-01 1.040655311993041288e+00 1.098569712158582901e+00 1.061335197621373183e+00 7.477187092273573921e-01 8.393701963991379023e-01 1.025852222501837607e+00 8.378823067789851198e-01 1.232021121538025676e+00 9.574615574038970456e-01 9.850361864242025423e-01
1.004610148707697048e+00 1.146535362012443660e+00 1.001064541957427778e+00 8.957736364630861647e-01 9.506013007526015191e-01 1.145705222145384505e+00 9.782908661436138242e-01 1.039318976164637531e+00 7.731655067268092818e-01 1.020717348348528342e+00 1.030708801197457447e+00
1.002745028315675802e+00 1.130880184738099148e+00 9.627912588001330541e-01 1.007900866274603402e+00 1.064722118071545598e+00 1.174418260509549672e+00 9.458033889212066336e-01 1.090728350345216313e+00 1.018199305730778104e+00 1.040984084865111514e+00 1.003553698574333186e+00
9.925662921573195074e-01 9.899238118364848127e-01 9.719945857278939894e-01 1.140480710078889404e+00 1.003131792538731304e+00 9.871198551793464171e-01 9.411973388566448051e-01 1.081597355549283712e+00 7.703506114733852383e-01 1.305117400764658875e+00 9.942524643106147586e-01
1.000385910526408129e+00 9.327284333535486027e-01 8.909372514289922718e-01 1.067468093483835201e+00 8.744410599943710505e-01 1.029282339915349898e+00 1.030026881436788999e+00 9.069228651000909025e-01 1.037895732454357178e+00 1.145785101599779310e+00 1.002566850539837517e+00
9.914912021246599094e-01 1.062732871007320723e+00 1.050853072246453968e+00 1.010086537269303752e+00 1.311997759204074132e+00 1.074986686537511060e+00 9.609941405226151145e-01 1.130222464307806929e+00 1.371603542404971066e+00 1.116682290157060553e+00 9.956761909678337741e-01
1.000931197203773992e+00 1.254511424662912988e+00 1.063673426281360301e+00 1.133673129967636806e+00 1.084449968516645990e+00 8.529814582036495674e-01 9.726131381271708731e-01 1.203612220424146839e+00 1.009697661354588938e+00 7.589919526002588679e-01 1.001338229977274841e+00
9.955053988064311854e-01 9.453916915262703391e-01 9.994814813649692820e-01 9.541641415379842339e-01 1.100736088832779513e+00 8.924296855428246467e-01 8.900278982518767812e-01 9.930041168735869173e-01 1.271961227780705528e+00 1.165059279008061832e+00 9.905430590797281720e-01
9.873173201722720282e-01 1.092570310910033538e+00 9.846708738733990218e-01 1.034095319672931002e+00 9.075404930315305041e-01 1.127964853186634642e+00 1.099060155808741834e+00 1.058929413929946106e+00 7.037875119678953517e-01 9.343974975019082585e-01 9.884558926761822795e-01
1.004169661893948629e+00 9.524544828936449825e-01 1.053864858111214664e+00 1.086530807187499281e+00 1.253487040125485175e+00 9.290032437596553727e-01 1.022855282454013581e+00 1.006652156679434640e+00 8.381121396529204182e-01 8.642509973929465295e-01 9.937621827110151296e-01
1.009011705238456180e+00 8.772188184123752563e-01 9.583732818238683837e-01 9.444868766402649829e-01 8.691670809480928073e-01 9.211630738795667517e-01 9.214391572887234982e-01 8.920046294649676133e-01 9.728557041362457802e-01 1.027632106138760548e+00 9.882898607355107279e-01
9.987581054740642950e-01 9.554694942919889078e-01 9.686218484216270186e-01 1.029226540000986789e+00 9.539720084423184421e-01 7.880011155546777779e-01 1.017167209729262778e+00 1.079813966781944856e+00 1.027645017467052169e+00 9.507063066720021771e-01 1.005310926176973929e+00
9.951045581952753238e-01 9.762401560910333176e-01 1.019438862222048714e+00 8.852823770187822072e-01 9.044851680712135966e-01 8.754180798277105824e-01 9.303897020589577682e-01 1.135525067560650303e+00 8.745945225233617837e-01 7.322305310323137251e-01 9.690420662037438904e-01
9.992383548476585498e-01 1.406100077075607135e+00 1.094435519363774256e+00 1.058128969087996030e+00 9.626802454859544333e-01 1.081584346714431044e+00 1.085457328835391255e+00 1.014362379538673364e+00 5.327297419036138848e-01 8.110113117952084671e-01 1.002244015317590664e+00
1.005201836839694884e+00 8.917198603428149184e-01 9.979650902843626437e-01 7.637360982848229174e-01 1.032243227215189352e+00 9.454408148242814391e-01 1.036885298784867349e+00 9.029593317101163308e-01 7.120086505425736734e-01 6.578078789531274229e-01 9.919443228119650957e-01
9.888634788577047585e-01 9.189012080315147601e-01 9.732061123850335171e-01 1.070374771670048464e+00 8.458245337506008488e-01 1.191151652111484438e+00 9.948179057227964917e-01 7.370487398216234443e-01 1.085591515737608814e+00 8.487396378871417957e-01 9.940996280564663445e-01
1.006064583753697228e+00 8.975561816830101014e-01 1.076476415834137557e+00 1.147540784887785437e+00 1.088203993875810127e+00 1.029551221195034616e+00 1.035823459357270160e+00 9.147698851560088773e-01 8.217675415782256243e-01 1.046208054287977030e+00 9.916027116407485353e-01
9.911905686470644516e-01 1.052296712525556455e+00 1.049352720625802649e+00 8.986162706475138151e-01 1.488483552668073528e+00 1.059138908700462345e+00 9.850021401474173821e-01 9.405395113365755400e-01 8.833675114525409988e-01 1.111860615080032755e+00 9.890521124589651825e-01
1.004667589134142558e+00 8.437911938215221230e-01 1.040501130498456162e+00 1.036351843697276953e+00 1.214950832527942337e+00 8.675863084563287808e-01 9.276327436173197327e-01 9.264196509828577231e-01 9.611977084009598604e-01 1.176957283328056603e+00 9.959088028968261508e-01
1.015703760137320666e+00 9.686670899122564737e-01 1.004984673731810219e+00 1.002743443961720216e+00 1.288092136681440625e+00 8.712937359552206384e-01 9.249717882310756201e-01 8.538267498989775550e-01 8.490646149152240030e-01 1.004800836279984511e+00 1.014764445334725318e+00
9.740042619067028618e-01 8.749867543279065130e-01 9.783903396773482308e-01 9.699105846387602314e-01 8.886050415434751937e-01 9.920225527053483372e-01 1.159548207898005057e+00 1.165350290497681129e+00 9.085170456133828676e-01 8.745205316131678952e-01 9.858924877796689801e-01
1.005757491374935420e+00 1.208178935643563490e+00 1.056653540208732700e+00 1.021374950445358198e+00 1.010596284555637991e+00 9.843490145671623948e-01 1.002619199550094153e+00 9.600871995356514699e-01 9.803480207983472638e-01 1.230541745060440340e+00 9.867226775322754939e-01
9.947783726481351785e-01 1.178054469571716556e+00 9.572484920995254498e-01 1.025453109846926614e+00 8.815198708170357556e-01 1.077311090398332949e+00 1.022048841163656574e+00 8.607180156891995892e-01 1.005184691351084458e+00 9.923641629163140188e-01 9.818631991628880007e-01
1.005526608061705351e+00 1.164493660940965292e+00 1.053245782463663627e+00 9.390216938139297476e-01 1.013189936474311770e+00 1.019861414442197800e+00 9.987646457816816703e-01 1.158554732631722706e+00 9.749288822732724569e-01 1.149186703515387098e+00 1.013309081391377209e+00
1.003793338723251827e+00 9.241079211001348437e-01 1.020029778179633473e+00 1.117608415820777079e+00 7.784832031384081308e-01 1.140282429381466178e+00 9.826589300338812727e-01 1.097930640133103708e+00 1.313226573587604307e+00 1.100490156440311118e+00 1.001076814352177990e+00
1.002201666791723067e+00 9.561589332285429510e-01 1.002125060695183478e+00 1.083262237453046728e+00 1.043559860290296237e+00 1.022269827675855947e+00 1.053146065128234277e+00 9.680402833941935681e-01 1.406362161460468663e+00 1.278001968129651278e+00 9.948989717779493924e-01
9.995721376509462130e-01 1.078356412362747374e+00 1.011347165183062558e+00 1.035500183834432653e+00 7.428562805675080760e-01 1.205650259234860799e+00 9.666330164371764733e-01 9.612926504923114956e-01 1.245936573464148100e+00 7.365161810766173156e-01 1.018976375267572676e+00
9.869047796752175028e-01 1.050505946263536439e+00 1.015474953603717756e+00 1.051695070756844874e+00 8.774690903713082690e-01 1.092530538639033377e+00 1.185727249139564954e+00 8.697032927584501527e-01 1.068437861078771034e+00 5.896406837899714759e-01 9.975324187187624148e-01
9.941622800694295270e-01 8.120820233234125052e-01 9.202148128444401776e-01 1.066682379181692619e+00 1.058092455421006939e+00 1.006648038190252725e+00 9.906280016605568672e-01 7.690051676439291217e-01 1.169381308451172830e+00 1.081630764740659556e+00 9.977456082640052681e-01
9.835589728897194961e-01 1.279537437116708976e+00 1.067207975487422189e+00 1.080784920074777888e+00 9.414029073752152588e-01 1.114853533335074642e+00 1.090589995440527815e+00 1.104315047656982518e+00 6.170998628525992125e-01 1.000618121306835917e+00 9.992848157311419177e-01
9.829036053582056454e-01 1.352056215803191686e+00 9.649218296741277623e-01 9.083805389096840655e-01 6.700866257232765966e-01 1.005594355207321877e+00 9.085127829334567195e-01 1.040573570373422685e+00 1.029597634175875909e+00 1.161338097501162903e+00 1.001176505420044549e+00
9.883336717338636612e-01 9.412110878911000844e-01 1.041430372737648824e+00 1.186297967954839550e+00 1.377632954292030032e+00 9.157772922258028414e-01 9.770159398397072481e-01 1.070147182409860287e+00 9.827632544049162977e-01 9.457592459591883660e-01 9.965633778230840178e-01
9.916356250189135579e-01 8.474493443959157934e-01 1.002935884242102560e+00 1.052693933412355509e+00 1.041037824024444669e+00 1.025358882722741560e+00 9.522447791498106495e-01 1.030700278247993040e+00 6.081388181976045137e-01 9.396618378614310929e-01 9.953898653945715269e-01
9.884513696600396582e-01 9.005060432275020510e-01 9.275961026729016012e-01 9.709161287542922292e-01 1.239460219904562122e+00 9.725720787759712938e-01 1.015801608914516985e+00 1.048499675156868705e+00 1.252290830087939622e+00 8.461684766097063992e-01 1.006531375751885227e+00
9.785433884999557019e-01 6.842464516098503147e-01 9.815582021761518616e-01 9.522471903159747120e-01 1.009461650246747944e+00 9.029215780089983046e-01 9.351310592497731333e-01 9.467826425287901859e-01 6.308831951991489273e-01 8.546473996965047171e-01 1.003354572889155083e+00
1.003266088919712695e+00 1.097313506274354644e+00 1.010974923533566328e+00 7.509238615894562319e-01 1.279836626510286290e+00 9.955548470629708158e-01 8.320218597561503948e-01 1.019900837351147782e+00 8.784419277683378491e-01 1.092231506875666724e+00 9.838575728255812836e-01
1.003341827594258273e+00 1.125561205603946568e+00 1.025061479268868148e+00 1.174761526710548010e+00 1.349343482098682045e+00 8.329053881579048246e-01 1.091706618551000041e+00 1.065470714199840740e+00 1.023001715679039636e+00 1.236481078871765726e+00 9.802995789799928694e-01
1.007255562406439653e+00 9.065057432313724517e-01 9.697316485960256749e-01 1.074162599243478455e+00 7.547083396325714455e-01 1.031781782598908626e+00 9.547936473671028157e-01 1.209426226011680372e+00 1.357225854703682399e+00 9.066513316713366022e-01 9.995697161688217314e-01
9.907758068459108225e-01 7.073031141439442004e-01 1.000483537878351648e+00 9.808513957852268428e-01 1.184166655015337577e+00 1.018975227834010067e+00 1.041249079350387907e+00 9.712163966662696879e-01 8.704004970128207397e-01 9.749256047112710988e-01 1.009003186598418367e+00
1.001304556727275585e+00 1.101537669630174410e+00 9.910314712419224792e-01 1.162171230928766175e+00 9.315592892229045408e-01 1.137361818087556875e+00 8.557516406647039942e-01 1.113392852097164987e+00 1.192246546034748889e+00 1.226896940363660704e+00 1.007347880796788830e+00
9.985871691183432208e-01 1.056324866631554116e+00 9.611199642213825722e-01 9.257250533109302459e-01 9.724896344702691486e-01 8.838354580126581705e-01 1.240377327593342960e+00 8.159626191744457913e-01 9.410433084798079939e-01 9.093202217529543496e-01 9.863875853091057522e-01
1.016878820688169593e+00 1.043253707891680149e+00 1.075823284298472071e+00 1.123824381146809825e+00 7.034296748504511587e-01 9.765699624355894670e-01 8.889913732544509894e-01 8.967734208890891789e-01 6.668148171753371933e-01 1.123525202927933675e+00 9.976477325572309374e-01
9.891740119767590267e-01 9.794233890383089447e-01 1.029750315225807844e+00 9.777652933701059812e-01 6.595794645511992016e-01 9.906372852657846506e-01 9.201950721087135410e-01 1.053852323982072514e+00 1.116955015736484036e+00 9.794881331036855432e-01 1.004465060607872662e+00
9.984445403555198828e-01 1.112141727232219157e+00 9.559337271286515447e-01 8.252898880280011840e-01 7.352389107056005457e-01 9.359414794806705240e-01 9.800839255421013307e-01 8.666116274674712239e-01 9.563538309013768224e-01 9.641379854317375653e-01 9.951435999367216345e-01
9.973632509720358197e-01 7.903907804468324194e-01 9.362431097357228893e-01 1.054999683280836376e+00 5.717814228353561568e-01 9.723219868589900727e-01 1.079179117485840944e+00 1.138876713934824370e+00 8.893139130572579321e-01 1.219168220433152428e+00 1.003916170501613525e+00
1.020271887665559873e+00 1.134915310051658022e+00 1.066424948940595696e+00 9.127078750086262682e-01 1.531487626751104836e+00 1.051830493870105077e+00 9.232792331688925991e-01 1.113656131954981809e+00 9.497756105958643502e-01 1.076242424649690221e+00 1.001539275019830200e+00
9.923757653275512292e-01 8.021696045291133448e-01 9.809200123752886968e-01 8.105737261040999453e-01 9.374018451222089210e-01 9.114549176322860324e-01 1.006794482828264004e+00 9.833863643890941031e-01 6.606043484161614465e-01 1.109478886451653823e+00 1.011399932473197039e+00
1.007784382047419713e+00 8.393839507108802334e-01 9.056347138408087361e-01 1.077652546198500039e+00 1.019266235838878210e+00 8.977041517803845405e-01 1.009081700196710951e+00 1.028291916082201718e+00 9.294156726648223898e-01 1.086182624186433410e+00 1.017020023859115163e+00
9.949011747581869569e-01 7.770562305996427943e-01 1.013365443415560341e+00 9.895066344903582500e-01 1.097725085435303560e+00 9.679109112399663095e-01 9.960645633305723612e-01 1.232077313178880695e+00 1.129143546308809753e+00 9.544038224020747752e-01 9.994712486400879614e-01
1.018730526619191279e+00 9.908147184465038171e-01 9.876140152412535844e-01 1.114254948643023102e+00 1.208752872109490450e+00 1.010031576322126812e+00 9.307841317471872156e-01 9.918687065247739909e-01 1.515778749950915660e+00 8.218874738903466648e-01 9.920708352282596731e-01
1.006612639793128094e+00 1.170632372735694871e+00 9.514881377169862597e-01 7.867492013327839206e-01 1.200712803940735096e+00 9.834231636523709241e-01 1.111665993355959614e+00 1.025573858436263031e+00 8.558476587802150704e-01 9.234450404430338821e-01 9.990615701915129820e-01
9.962669351149886499e-01 8.666137290789415193e-01 1.089466507519070149e+00 8.752660395461213660e-01 1.003619331365571687e+00 9.317558662715077489e-01 8.608813309762078925e-01 1.086898545724353848e+00 1.112131897873681829e+00 8.010169208237658545e-01 1.002741393237176926e+00
9.978515017410265475e-01 9.995861134434287365e-01 9.667306344610402391e-01 1.102357452965091689e+00 1.250272430991385297e+00 9.427353603897701273e-01 1.047132051904374306e+00 1.068469240036535428e+00 8.637256600609862778e-01 9.673729660191685564e-01 1.006547011100783484e+00
1.008493600850024929e+00 7.715675547696980718e-01 9.797062886625615974e-01 1.001203450768276770e+00 9.387374319890305907e-01 9.869832977355186276e-01 1.001151017307374991e+00 1.054401234653421060e+00 1.049579727001044072e+00 9.010994133963265984e-01 9.971159328615096795e-01
1.011435918087607577e+00 1.188179070673151427e+00 1.018315348795469921e+00 9.826194199119890893e-01 1.218413808138786969e+00 9.183053765363082821e-01 9.405905598170035686e-01 1.057098921458682561e+00 5.586074537750236324e-01 1.367525090014279021e+00 9.962785780772603905e-01
1.000484004779182090e+00 1.198047979576366773e+00 9.262856421282613661e-01 9.946108222345593219e-01 1.129009936970468475e+00 8.456409429650586507e-01 1.031745748737232793e+00 1.076735519686353948e+00 1.139408912065601687e+00 1.033370636939568321e+00 1.014443964706527312e+00
1.007843414601076404e+00 1.070851378316840075e+00 9.422453008952879072e-01 1.018945005187649411e+00 1.021664275972393288e+00 9.982926602928005044e-01 1.065574084507617147e+00 8.348165466189967354e-01 1.041235731265359510e+00 1.052742518644875114e+00 9.940184396100515407e-01
1.001133471247868334e+00 8.161815118584236917e-01 9.339845538661019075e-01 9.605968212169343490e-01 8.143568980399951140e-01 1.044395315621848841e+00 9.556856129408801692e-01 1.017195325419396390e+00 9.330913686773307791e-01 1.200560059565818127e+00 1.016344207919002152e+00
9.999302725604976017e-01 1.087607788195138037e+00 9.231668939421231457e-01 9.297981408661408764e-01 1.071714102202353081e+00 1.008754670108843010e+00 1.039769133738838391e+00 1.062812091489823585e+00 7.809021370648397964e-01 1.140586096543215522e+00 9.953092929003047873e-01
9.921402361298483630e-01 1.183882348404863727e+00 1.060890810322303146e+00 1.270787314375086519e+00 8.929580205736010745e-01 1.066313686180641929e+00 9.107342245284592019e-01 1.008967226968352948e+00 1.238449832901388881e+00 7.186043545226863394e-01 1.014082544665333652e+00
9.956510945863442652e-01 9.078778423130331454e-01 1.032615528436350516e+00 9.643601578232151583e-01 1.153388481197362481e+00 1.016711595730434903e+00 1.097175820033093219e+00 1.018735567396273467e+00 1.056772084625835939e+00 1.005511267054113089e+00 9.964146646937076524e-01
9.919477334192929874e-01 1.069253011153957100e+00 1.009344578793281766e+00 1.097574326160829061e+00 1.126181849527656542e+00 9.950299092419411240e-01 1.038593362365307193e+00 1.087412339615432932e+00 7.380296187748788261e-01 9.843427302570070259e-01 1.006198903626704055e+00
1.000250378800473960e+00 1.065622571291481080e+00 1.032738157869837803e+00 1.005640511394826353e+00 1.192369084049049066e+00 8.070920345954921693e-01 1.002102307830033290e+00 1.151559801764331592e+00 1.102512325473592458e+00 1.017061273726174608e+00 9.997356834964957750e-01
1.005219015474938749e+00 1.194614811803133003e+00 1.115748737950710945e+00 9.762902088245756227e-01 1.322619755872540548e+00 9.372750044303421735e-01 1.010985178688897479e+00 9.773616355630392327e-01 9.953495733778099375e-01 1.245870379915262838e+00 1.000673501076344118e+00
1.001686960050851560e+00 1.115491948714948833e+00 1.042844273498048979e+00 1.153805909524769024e+00 1.026356199863020180e+00 9.615611163320827437e-01 9.618928046287977818e-01 9.355004908251691731e-01 1.299591433324422951e+00 1.012171170369517537e+00 1.003994253600659858e+00
9.995113752481468161e-01 1.092129858014419863e+00 9.835271606513265041e-01 9.954193640533198773e-01 1.112037419449637854e+00 1.056062277064334864e+00 1.028640108335293624e+00 1.110109692921623203e+00 1.090234439972915137e+00 9.199039051635721220e-01 9.880063106311498533e-01
1.017515418280943829e+00 1.057898671124231083e+00 1.024033600289170121e+00 9.876346996460488858e-01 9.463260527905367203e-01 1.168948749821601796e+00 1.066616124616117212e+00 7.955705092667488820e-01 1.047733294580835750e+00 6.978555490689608565e-01 1.010443985892041319e+00
9.809477453434326533e-01 9.604726652942249254e-01 9.705627287168532291e-01 9.138002274694667637e-01 9.018396181964870584e-01 9.139932542533194537e-01 8.755630595468583133e-01 8.807871279892447447e-01 1.261449792825453109e+00 9.716084416669101831e-01 9.845846629843658659e-01
1.013224887354609471e+00 1.061523140027979872e+00 9.595357527121899377e-01 8.310237610505529782e-01 4.624856267671128007e-01 9.660659682116079505e-01 9.871762323241288772e-01 9.379551433792890913e-01 7.972164769037599630e-01 1.105902364063794829e+00 9.907924473810123533e-01
1.012257733991545283e+00 9.971373518805642933e-01 1.039390770591023472e+00 1.100645050619712295e+00 9.813746632306553641e-01 8.907628833942207169e-01 9.338517296336679152e-01 9.555775068067657863e-01 6.766030138207002054e-01 1.074337894246564895e+00 9.933905832883531684e-01
9.939045369125930618e-01 9.628762658864831181e-01 1.023255826136553859e+00 8.408206838611664846e-01 7.245673200045839035e-01 1.227211465870723384e+00 1.072559472079020138e+00 9.987418140220436502e-01 9.683130476549410837e-01 8.392093755315789272e-01 1.010559797165421880e+00
1.009415311646701952e+00 1.165972657739956064e+00 9.321540132812125012e-01 9.847047079836322991e-01 7.161733935106735505e-01 8.583115290890783733e-01 9.651567144713895097e-01 1.105200608133724005e+00 8.603312194043529759e-01 1.025153533592133348e+00 9.911387896723923285e-01
9.802243578175631189e-01 1.143383196889591336e+00 1.080765720706732935e+00 1.096671526443988354e+00 1.037570497897741806e+00 9.522168245897679739e-01 1.137110090910437465e+00 9.700680761427062926e-01 1.098893966596018235e+00 8.582647519587798257e-01 9.969412853969759070e-01
9.976111862297332156e-01 1.046557063042222957e+00 1.004800733758567821e+00 1.090270791950678442e+00 8.394830600987907010e-01 1.159614899404747934e+00 1.060364648384827246e+00 9.237243388595822724e-01 1.183643851983337214e+00 1.050177970570463026e+00 1.007963837728924172e+00
1.012899065757987715e+00 1.037511185726410545e+00 9.008357302723946081e-01 1.143883405187325231e+00 1.076961967716193014e+00 1.053651413861065755e+00 9.761903563230672765e-01 1.026995704010942312e+00 1.060997566705251360e+00 8.358052548289005568e-01 1.016276430654173835e+00
1.001586913621910213e+00 1.077915433662678169e+00 9.942448234716220190e-01 9.318792936995206055e-01 5.294473713509207924e-01 1.015747218833181531e+00 8.015395696682663385e-01 9.652163355204552708e-01 8.067119276706896658e-01 8.599827079631040538e-01 9.751894045532577548e-01
1.014705082038733774e+00 8.611669859738795285e-01 1.036193599874727589e+00 1.013329185406325106e+00 1.046957889263256725e+00 1.060868245026152623e+00 9.889150949111699118e-01 9.442735002138455958e-01 1.429352982441350006e+00 8.934554467398462263e-01 1.015251142341879742e+00
9.942799694722933568e-01 1.203623541937401953e+00 9.605097031957992026e-01 1.108976310869288939e+00 9.788841294821164496e-01 1.087187339565284683e+00 1.082921243702547720e+00 1.005578165375382360e+00 9.520434994454058941e-01 8.958840734224067237e-01 1.006807906935098362e+00
9.908780556381723281e-01 8.090085455795433811e-01 9.894173788967398631e-01 9.474160726196859672e-01 6.458757498165428323e-01 9.562698972827197164e-01 9.863766660783397366e-01 8.947046407150596181e-01 1.121720886365749070e+00 1.042861447824645627e+00 1.003135525366539715e+00
9.931751949242325628e-01 1.009472894458747660e+00 9.526237823826601003e-01 9.185167128915774359e-01 1.165866426022603264e+00 1.000471218561921338e+00 9.816673422472942390e-01 1.022548951561710773e+00 1.063356361078086065e+00 1.097336581058211413e+00 1.024153066220923725e+00
1.005903705989328989e+00 9.931389614987916614e-01 9.376564136491054580e-01 9.488727407178487727e-01 6.828840497879735683e-01 9.391399290599591332e-01 1.129464796996926035e+00 1.118779133256198710e+00 1.283815118149946866e+00 9.472680052981947707e-01 9.998559513691307465e-01
9.901631042318330689e-01 1.121732233879086937e+00 9.639643466538730943e-01 1.203265708005429646e+00 1.266689929810735693e+00 8.826873078161021624e-01 9.116876980819501597e-01 1.045731702332517887e+00 9.119633080343555465e-01 1.121109250153151660e+00 1.003013726371609238e+00
9.974161562738254050e-01 7.166933011111733531e-01 1.008444889763344676e+00 1.042187146331722492e+00 1.025777763667524267e+00 1.095967366157683642e+00 1.105391859308342495e+00 9.315610414548897156e-01 7.883084363835815012e-01 9.612805825756478573e-01 1.007472053399343537e+00
1.008083759940584079e+00 1.021337444284736495e+00 1.007176307338824461e+00 8.562558878873625101e-01 1.295553943964568910e+00 9.635085526702603653e-01 1.102560759926185296e+00 9.326741463918823971e-01 1.134789770891157623e+00 1.037331982669800867e+00 9.968690270826695565e-01
1.010162854317006920e+00 1.151943363325808933e+00 1.016082797679661587e+00 1.026097522989394717e+00 5.996467491318890897e-01 1.026130223252388118e+00 1.087621008193135008e+00 1.094466243319227816e+00 1.136031019231252603e+00 1.319822509521063836e+00 9.889344658427015045e-01
1.003549901117240406e+00 6.342854169403926434e-01 9.751927662610890835e-01 1.113425835699835442e+00 9.229478849978165478e-01 1.046497255111583646e+00 8.822162597305702736e-01 1.170015340039828100e+00 1.323357476776728880e+00 1.060649438250649501e+00 9.983424743306318350e-01
1.003704781344904928e+00 1.298797702973362167e+00 1.034034619087694562e+00 1.009442530413588557e+00 8.245068304207489041e-01 1.221130455110675195e+00 9.929170316003964603e-01 9.528931015390000869e-01 9.038301145401775871e-01 1.128457954880871750e+00 9.928508226571812756e-01
